time,x,y,z,phi,theta,psi,x_velocity,y_velocity,z_velocity,phi_velocity,theta_velocity,psi_velocity,rotor_speed1,rotor_speed2,rotor_speed3,rotor_speed4
0.06,9.36277635233e-08,1.50737892946e-07,10.0038881749,0.000153832029376,6.28294124101,0.0,1.44191259632e-05,1.3674479278e-05,0.129599161531,0.00725350003951,-0.0137880309568,0.0,447.19633356187745,446.0720811319585,445.4537105890748,446.04631226902023
0.12000000000000001,8.26548623937e-06,6.37146387718e-06,10.0158290692,0.00084823114702,6.2830040275,0.0,0.000288439548198,0.000255790813601,0.268407458438,0.0190527207769,0.02076629162,0.0,448.4089594870006,451.2067893024647,447.85816092161247,448.81654744802034
0.18,2.46059221344e-05,4.38553383935e-05,10.0352445977,0.00181747529952,0.000760261920596,0.0,0.000140231989299,0.00110376899986,0.378745888235,0.00961479605146,0.00287854903422,0.0,441.5600170482808,440.08205389784916,440.0898889611981,439.30805370638757
0.23999999999999996,1.37827875461e-05,0.000156634610216,10.0643976795,0.0025755265493,0.00107606406876,0.0,-0.000530434062244,0.00273545476301,0.592936348412,0.0180762542399,0.00965101761242,0.0,470.8459490803599,471.36943371776255,472.41483033862306,473.0665932216746
0.3,-4.62659983966e-05,0.000386663524583,10.1059956189,0.00380864965231,0.00183816894871,0.0,-0.00155015393404,0.00506779655437,0.793543105656,0.0250929584541,0.0181948167586,0.0,468.5200779738939,469.18365462524895,467.1274926908636,467.67421899445446
0.36000000000000004,-0.000186586252468,0.000786684910984,10.1591818545,0.00598091402045,0.00279059415551,0.0,-0.00324464108609,0.00848361565275,0.97918938256,0.0522690230569,0.0107727962008,0.0,464.0651236837159,463.48214152089844,463.04446260202724,465.1776330168246
0.4200000000000001,-0.000443839730541,0.00143788819443,10.2218073326,0.0097710196924,0.00326664768508,0.0,-0.00539054767989,0.0135968436247,1.10820714614,0.0790031981744,0.00154775864411,0.0,447.1844443696312,446.4323414650639,446.093615692711,448.27377502473627
0.48000000000000015,-0.000833943710827,0.00246721936177,10.2907000013,0.0143590117259,0.00398867707268,0.0,-0.00765852904618,0.0211757673473,1.18812966941,0.0708412733652,0.0274254790167,0.0,430.958584238051,433.1400679109909,431.7794434428541,431.09519314458896
0.5400000000000001,-0.00137950000293,0.00403951184401,10.3642444162,0.0187229389789,0.00609596569564,0.0,-0.0107140601658,0.0316564616244,1.26326274766,0.0762665222584,0.0472391438353,0.0,428.604968126073,430.2859928683748,431.10825549802803,431.57063747428197
0.6000000000000002,-0.00218681614398,0.00642473001934,10.4472054425,0.0229248333381,0.0090215028995,0.0,-0.0165476587054,0.0483883277778,1.5018085681,0.0530954475533,0.0516364506326,0.0,480.2138165597303,480.5484933712308,481.4212481797132,479.6681983185529
0.6600000000000003,-0.00334286477816,0.00972685752634,10.5366170332,0.0259327983286,0.0125304186774,0.0,-0.0222666229535,0.0619432225755,1.47859860475,0.043431382726,0.0695066030404,0.0,397.3678654344885,399.00526974582226,398.8213804974714,397.93968061355355
0.7200000000000003,-0.00491990590207,0.0139217836448,10.6257729087,0.0287505437987,0.016920922417,0.0,-0.030684580621,0.0781299083258,1.4932321211,0.0532233397474,0.0796506621986,0.0,411.80746461335343,412.7082949624772,409.7886968582706,410.65963064780465
0.7800000000000004,-0.00712108797465,0.0192022950924,10.7179074415,0.0318513654612,0.0211974038822,0.0,-0.0431484423733,0.098197322976,1.57778665628,0.0484018697064,0.0438605514987,0.0,436.11222639051493,433.1164356038608,434.23626424993097,433.83343901628785
0.8400000000000004,-0.0100967234062,0.0256710834515,10.8127233817,0.034889354786,0.0241700298831,0.0,-0.05628746997,0.117689741883,1.58272219925,0.0547575644279,0.0589973240543,0.0,406.5461511295958,407.9017949369864,409.14128506766014,409.7085723149769
0.9000000000000005,-0.0140118378811,0.0335010057806,10.9116777128,0.0379582136714,0.0276549778531,0.0,-0.0745872424093,0.143640834451,1.71554124382,0.0427239713888,0.0561877651339,0.0,451.0121824110986,450.78751203052127,449.3145768232399,448.3396327328666
0.9600000000000005,-0.0191119315939,0.0429673598913,11.0190067927,0.0406644701637,0.0314417677839,0.0,-0.095802276368,0.172181596235,1.86184208877,0.0494828148359,0.0742420975456,0.0,454.2931200777891,455.7410821566478,453.6631643220941,454.2066225279924
1.0200000000000005,-0.0253564833277,0.0539308701469,11.1284101739,0.0436015873466,0.0353360052076,0.0,-0.112682921557,0.193496475612,1.78503791903,0.0478689033099,0.0297294810936,0.0,382.4095840760452,378.1492625370075,381.0418412564598,380.8894509532747
1.0800000000000005,-0.0328562687481,0.0664530473281,11.2385290225,0.0461546442381,0.0373894779914,0.0,-0.137501667331,0.224180666449,1.88540588152,0.0289293252294,0.0419653333919,0.0,439.796761801944,440.8094667137473,441.5254869623573,439.9612317013987
1.1400000000000006,-0.0420493025033,0.0810587957961,11.3588467965,0.047733999346,0.0402820884245,0.0,-0.169252110926,0.262860013079,2.1247439625,0.0205206428918,0.058435683597,0.0,481.72019940566713,482.96514964904526,483.7137245725927,483.0802078331151
1.2000000000000006,-0.0530208002751,0.0977844569687,11.4885688364,0.0491949963895,0.043266535357,0.0,-0.196790144927,0.294785706724,2.19915713441,0.0310787516011,0.0201337156527,0.0,434.84958971437294,431.6307019571433,433.5523614152474,434.43859908707134
1.2600000000000007,-0.0657799597326,0.116552708264,11.6246915922,0.0512343703401,0.0440378382137,0.0,-0.228618048212,0.331017407682,2.33797077739,0.0392532154617,-0.00856644959976,0.0,455.6579959846146,453.35784316765586,453.5941152771241,454.2505207673737
1.3200000000000007,-0.0805857069583,0.137689826099,11.7720234811,0.0535535177954,0.0434371266453,0.0,-0.264818108564,0.373809771119,2.57257171339,0.0374233385004,-0.0130718617985,0.0,483.3546119180991,483.0150993754874,483.5846243682067,483.44737376887804
1.3800000000000008,-0.0973484402379,0.161202794509,11.928837156,0.0557321440301,0.0424166561821,0.0,-0.293844714131,0.410162677437,2.6543471229,0.0339867476269,-0.0263480390649,0.0,438.734577342688,437.6309783365537,438.1990132084913,437.91386232226114
1.4400000000000008,-0.115903521242,0.187037563731,12.0923026749,0.0575904764125,0.0409028561692,0.0,-0.324478680659,0.451185565099,2.79415658039,0.024135588849,-0.0230830421178,0.0,456.19682467700784,456.4573612969196,457.4087297970085,456.6238426472305
1.5000000000000009,-0.136174977729,0.215243592017,12.2619427574,0.0593461070544,0.0399252369071,0.0,-0.351119648752,0.489158983885,2.86033526411,0.0379244093091,-0.00533928337415,0.0,433.6884957487223,435.1763434879549,433.62373621423217,434.7808033421403
1.560000000000001,-0.158087637707,0.245851457702,12.4370061611,0.0613345041529,0.03924299018,0.0,-0.379244645041,0.531305756799,2.97479637063,0.0212586350316,-0.0275411756511,0.0,450.8940978118138,449.0969516091361,450.6247178351892,449.27589842595967
1.620000000000001,-0.181664559531,0.279018966046,12.6188313276,0.062467970812,0.0373720402751,0.0,-0.406462358555,0.574380124719,3.08573711849,0.0136774856206,-0.0396944785404,0.0,450.66229559961533,449.6785151369794,449.2038712981011,448.5886217632678
1.680000000000001,-0.206801193389,0.314737922903,12.8064470907,0.0633746869142,0.0351626968163,0.0,-0.431192295812,0.616318197535,3.16789009377,0.0178365683331,-0.0316224712572,0.0,440.75794004034884,441.4239149455899,441.0171477337908,441.3604493220549
1.740000000000001,-0.233385412868,0.353001978976,12.9991621378,0.064216980143,0.0333537817695,0.0,-0.454757000233,0.659225703244,3.25568768667,0.00508721476029,-0.0273532008482,0.0,443.2535157659052,443.6039393228324,443.94600319530133,442.89852627477944
1.8000000000000012,-0.261445947713,0.394043015236,13.2000873113,0.0641173108013,0.0312518133695,0.0,-0.480373735435,0.708784880627,3.44126914474,-0.0207005404135,-0.058440647012,0.0,474.95539838674904,472.56442565377637,474.8005141756624,472.8179328226313
1.8600000000000012,-0.291007720652,0.438089379258,13.4128104726,0.0626511505517,0.0279953908525,0.0,-0.504605297171,0.759219904912,3.64887441264,-0.0332099507091,-0.0470281612009,0.0,480.9352023267903,481.7970985131897,481.7550703444998,480.8081879293923
1.9200000000000013,-0.321950653217,0.485125688805,13.6380551005,0.0606440039026,0.0251070514446,0.0,-0.526473254794,0.808368486334,3.85860958653,-0.0339417974865,-0.0504579200082,0.0,483.3628518401121,483.1030880366981,483.1829439102969,483.1274191839624
1.9800000000000013,-0.354067377131,0.534890323905,13.8730659096,0.0583810525849,0.022472552705,0.0,-0.543785513656,0.850195763951,3.9747033594,-0.0465963938145,-0.0332734559973,0.0,456.280041714863,457.6488734678921,456.8650350492887,455.8542016207328
2.0400000000000014,-0.387123156279,0.586985878926,14.1128671361,0.0559453808658,0.0204209592344,0.0,-0.557884519656,0.886059899853,4.01853553091,-0.0306996203131,-0.0360988859809,0.0,435.09811162449364,434.8609689689124,433.8960326358281,435.2277101340743
2.1000000000000014,-0.421071475254,0.641426313158,14.3595616033,0.0549217784083,0.0179842368066,0.0,-0.573455087766,0.928419720487,4.20395597981,0.00155028002461,-0.0516511683074,0.0,479.11066497065667,477.925898363924,477.1941454811683,479.64977410654
2.1600000000000015,-0.455855735077,0.698265154158,14.6151201733,0.0549019944351,0.0155682985592,0.0,-0.585738316402,0.966180839769,4.31425097631,-0.00438351650487,-0.0239119868443,0.0,456.08832587672316,458.2976455610576,457.7174837206796,457.244975656661
2.2200000000000015,-0.491297167442,0.757239867307,14.8749872593,0.0551626240946,0.0141405800568,0.0,-0.595511907315,0.999630094854,4.34785422012,0.0177257981201,-0.023562994378,0.0,433.4781091986455,433.5073590403003,433.80947800308854,435.6621927178564
2.2800000000000016,-0.527303733485,0.818245392917,15.1371732844,0.0558577630499,0.0131704804208,0.0,-0.604598531311,1.03395560238,4.39150073013,-0.00499763194475,-0.00443027202226,0.0,437.4922868352319,439.08265022363724,437.9267854872617,436.0322697149391
2.3400000000000016,-0.56385165221,0.881361782766,15.4027809389,0.0552451683981,0.0128448596745,0.0,-0.613634992234,1.06985583622,4.46181009928,-0.0234815187677,-0.00749906534773,0.0,446.6253285397867,446.3750359108755,447.16784535352707,445.65952502048555
2.4000000000000017,-0.600930755293,0.946595071257,15.6722691392,0.0534624760814,0.0123684913248,0.0,-0.62228986768,1.10441253204,4.52090305751,-0.0466367830726,-0.00883518388829,0.0,443.31365377253957,443.203956563426,444.6939994869788,442.792598024182
2.4600000000000017,-0.63857218154,1.01408028573,15.9494755168,0.0505515307442,0.0112598849856,0.0,-0.632344447243,1.14470525307,4.71852857085,-0.0525652754898,-0.0574550333721,0.0,487.106961153745,483.45685193486753,486.389200956516,485.94372604796763
2.520000000000002,-0.676731578501,1.08369374415,16.2342062713,0.0481187898719,0.00772689514072,0.0,-0.639306454606,1.17545862243,4.77230045719,-0.0235350341722,-0.0619030173187,0.0,444.41428927375335,444.04707820154624,442.46183896045056,444.84462601362276
2.580000000000002,-0.715257679594,1.15522380238,16.5245823035,0.0468280738787,0.00378097352089,0.0,-0.644490017729,1.20869276246,4.90634845978,-0.0177454275777,-0.0748916504572,0.0,469.771323507558,468.759947208652,468.51675351099635,468.9667440861286
2.640000000000002,-0.754001160129,1.22861707626,16.8208221151,0.0459796975613,6.28194579798,0.0,-0.646518709517,1.23763421934,4.96806032615,-0.00775922230783,-0.113909546382,0.0,449.9239969724083,446.7469427891086,447.3173572127926,448.13004827063054
2.700000000000002,-0.792760272176,1.30375567647,17.1213284127,0.0451482069939,6.2756910498,0.0,-0.644816899544,1.26689842766,5.04847903269,-0.0302832340108,-0.0897827983071,0.0,453.9627037585145,455.88527687030336,454.7091075591106,452.9009338212425
2.760000000000002,-0.831294090129,1.38064689512,17.4271317986,0.0430352309995,6.26978799122,0.0,-0.639093011578,1.29591227031,5.14456117224,-0.0475700161075,-0.12729049797,0.0,460.6596565984523,457.67485856433365,461.22560351790054,459.85755598167503
2.820000000000002,-0.86937292365,1.45917875747,17.7375344839,0.039929617565,6.26203394165,0.0,-0.629477512189,1.32150597955,5.20196926528,-0.061832185438,-0.133431405427,0.0,449.34914869505315,448.83584932566663,448.9850579457937,447.82451105426435
2.880000000000002,-0.906705124389,1.53921637558,18.0523230512,0.035818976203,6.25502903025,0.0,-0.614204394266,1.34599393964,5.29061281752,-0.0872371490739,-0.0954372398505,0.0,457.8540607803204,460.85468201336266,459.3820228105327,457.3591322987768
2.940000000000002,-0.942979034406,1.62064072955,18.3727465194,0.0304855977874,6.25027683364,0.0,-0.594419626346,1.36757606563,5.38974994161,-0.0924156978298,-0.0582656758802,0.0,460.9080100797027,463.83149554071264,463.44728340294046,463.0337660086682
3.000000000000002,-0.978049358045,1.70318008024,18.6969387954,0.0244716072922,6.24758178429,0.0,-0.574318613733,1.38319102436,5.41657563202,-0.124347642083,-0.0265895727562,0.0,440.243504367918,442.8556728922749,442.25198481006055,439.60410728820074
3.0600000000000023,-1.01175459314,1.786607599,19.0259447396,0.0169504551896,6.24654301283,0.0,-0.549070391159,1.3968854581,5.54970777566,-0.127439903922,-0.00328597660607,0.0,473.0597998696095,474.8511439091276,474.13980623342707,473.888915558253
3.1200000000000023,-1.0440044163,1.87065559845,19.3608145731,0.0100361129162,6.24647112979,0.0,-0.525914576119,1.40399026929,5.61236428738,-0.0980527109413,0.00268138806764,0.0,453.5755804358378,454.05467539633617,452.72795467312454,455.0745854114717
3.1800000000000024,-1.0748915055,1.95498877673,19.6986921527,0.00380752227196,6.24707321076,0.0,-0.503691969784,1.40653589596,5.65007465289,-0.118952338051,0.0217206713611,0.0,445.96977940027415,447.52238758500323,447.3745611098079,445.65965825029286
3.2400000000000024,-1.10446864651,2.03934852701,20.0385588269,6.28001378744,6.24862954813,0.0,-0.482340025121,1.40478888203,5.67871555353,-0.111513272102,0.0332640823812,0.0,444.26527330511453,445.21104911957264,443.117757838531,443.7168068442198
3.3000000000000025,-1.13279535124,2.12347162466,20.3801018298,6.27335520001,6.25048828969,0.0,-0.462054794628,1.39868717452,5.70595309558,-0.109924802267,0.025965931056,0.0,444.2568805486083,443.6582816566855,443.68104926388344,443.8005455629899
3.3600000000000025,-1.15997079712,2.20711392367,20.7222226134,6.26679632607,6.25235108948,0.0,-0.443932130112,1.38880612042,5.69814512565,-0.108122229604,0.0396467800285,0.0,431.94999323999986,433.1027492440931,433.0947966915608,433.2355291469397
3.4200000000000026,-1.18599764002,2.28999075371,21.0670302464,6.26031470621,6.25571181791,0.0,-0.423937582123,1.37309033335,5.79498837778,-0.107837374761,0.0770656223702,0.0,463.26571116173756,466.2009100748538,466.04047343030265,466.0530712348768
3.4800000000000026,-1.21095983675,2.3718428679,21.4153915404,6.25342529168,6.25977466091,0.0,-0.408536344928,1.35470370984,5.81696894208,-0.134867439602,0.0323978237325,0.0,445.3065774595041,441.6398310726204,444.0623566650564,441.8266976785193
3.5400000000000027,-1.23501908136,2.45240027799,21.7668998953,6.24564937071,6.26183398784,0.0,-0.393640901355,1.32975271911,5.89958278597,-0.120735462173,0.0379161668413,0.0,461.288038902332,461.7241182046949,462.30853715477417,463.4061174937487
3.6000000000000028,-1.25823486366,2.53132077808,22.1229426144,6.23880974729,6.26403311546,0.0,-0.380437847549,1.30025023983,5.96817245784,-0.103109964949,0.033996622884,0.0,459.17087112375447,458.8603312010706,457.7229042623673,459.1123636959384
3.660000000000003,-1.28074499464,2.60844703873,22.4807028201,6.23255797224,6.26577938994,0.0,-0.370058115507,1.27008432219,5.95723606715,-0.106460506026,0.0168811192004,0.0,434.91072702279865,433.47477672538713,434.78736515407013,434.4967652916881
3.720000000000003,-1.30259993109,2.68347752145,22.8412003972,6.22625440905,6.2666132775,0.0,-0.358540584459,1.23030625227,6.05882675069,-0.102397019326,0.00714184380479,0.0,468.9022914919123,468.14482740126505,469.8559412681812,470.1619354524959
3.780000000000003,-1.32386555999,2.75629546822,23.2025543362,6.22025597482,6.26772760676,0.0,-0.350368473165,1.1964709927,5.98668609036,-0.0955248975818,0.0349757110347,0.0,413.99505762334064,416.43747206067223,414.8158232559147,415.4095798833631
3.840000000000003,-1.34464421183,2.82691739936,23.560737086,6.2142030961,6.27001694776,0.0,-0.342427834317,1.15710231169,5.95290934285,-0.114623333659,0.0438568794353,0.0,426.8141016655197,427.5723198380522,427.9054597856291,426.26669096680286
3.900000000000003,-1.36493558269,2.89479866302,23.9207975868,6.20752023739,6.27263098885,0.0,-0.334219772606,1.1049553832,6.04859679215,-0.105582773618,0.0429820877117,0.0,467.66193568043076,467.594737079172,467.00793916890507,467.70232953230146
3.960000000000003,-1.38482438348,2.95969826728,24.2829296853,6.20119649557,6.2751576418,0.0,-0.328948973037,1.05783125711,6.02259241346,-0.105024457038,0.0403094494669,0.0,431.9541199019188,431.729642593473,428.98736946075354,429.02463889616877
4.020000000000002,-1.40442695618,3.0215380999,24.6450187028,6.1946690476,6.27748651704,0.0,-0.324684689072,1.00293248213,6.04688898749,-0.117642985186,0.0356442772326,0.0,445.77818460722165,445.397467178292,447.59611322336536,446.55732332813585
4.080000000000001,-1.42379077963,3.0795499731,25.0131423819,6.18729297097,6.2795911495,0.0,-0.321019814683,0.93007180706,6.22292674684,-0.136454097195,0.0339184911731,0.0,492.5507322545821,492.4234589102722,492.6112752600393,491.2057098386226
4.14,-1.44297126297,3.13266914897,25.3953759854,6.17898948527,6.2811168951,0.0,-0.318581086535,0.839650237416,6.51651937091,-0.142573554825,-0.0027562190296,0.0,527.6998655444302,525.1617569966927,526.929747186474,526.491963388894
4.199999999999998,-1.46204181371,3.1805072601,25.7917633114,6.17022682681,6.28068584038,0.0,-0.317074250504,0.75408085655,6.6953051166,-0.154079883388,-0.0179692854801,0.0,499.62393235561547,498.5134353681371,497.46718264463556,496.6061531131126
4.259999999999997,-1.48102214589,3.22359820325,26.1937253058,6.16058537086,6.27961870672,0.0,-0.315508766629,0.681460315208,6.70331633646,-0.179112312451,-0.0174206434047,0.0,449.8249116802506,449.8694232334925,449.6905620471311,447.63279936225643
4.319999999999996,-1.49988083112,3.26185873657,26.5985133277,6.14968025354,6.27881609057,0.0,-0.313024341928,0.592870641467,6.78901852402,-0.187626719892,-0.00631709323106,0.0,473.2713422330946,474.12549493833643,473.3451932860012,472.659492556942
4.379999999999995,-1.51857850236,3.29464817621,27.0079283236,6.13833738362,6.27831322323,0.0,-0.310190093829,0.49906579435,6.8576215698,-0.192048295234,-0.0128667689268,0.0,469.42503907262494,468.9165230297936,469.87659213850196,469.50093049621114
4.439999999999993,-1.5370981285,3.32168549451,27.4207533951,6.1268794151,6.27748185437,0.0,-0.307056307528,0.401142846977,6.90280356424,-0.188888424438,-0.0159121391388,0.0,462.9740744894373,462.7344682198952,463.8075073857536,464.02183985548857
4.499999999999992,-1.55541577729,3.34269325379,27.8358710828,6.11518850598,6.27683343735,0.0,-0.303460172417,0.29810127265,6.93410153452,-0.21071431554,-0.00217026017554,0.0,459.815854195629,460.903580898956,460.4570383984326,458.69041259292095
4.559999999999991,-1.57349782187,3.35702033576,28.2544484616,6.1026745347,6.27698443301,0.0,-0.299279746391,0.178311942528,7.017757293,-0.204589715936,0.0105438793463,0.0,476.41002046512904,477.3813527809094,476.2122133780725,476.64094981743995
4.6199999999999894,-1.59134041055,3.36408351897,28.6770679845,6.08994956758,6.27769714109,0.0,-0.295539143539,0.0560243443373,7.06900919882,-0.234476038873,0.0144222794972,0.0,468.23800240205435,468.53956912938474,469.45889323280716,467.09055028334217
4.679999999999988,-1.60898796928,3.36409541732,29.1000207748,6.07575260478,6.27889252996,0.0,-0.292797378151,-0.0568093073528,7.02939829723,-0.241271773751,0.0291231635918,0.0,440.14761315775587,441.3628908742025,441.3264858345259,440.70864443786235
4.739999999999987,-1.62649789765,3.35732013742,29.5195443567,6.06220594723,6.28122857778,0.0,-0.291026458665,-0.170161853082,6.95488899012,-0.205499644477,0.0535712621641,0.0,428.9164774869477,430.9891129555302,427.4378218185234,430.42212726747465
4.799999999999986,-1.64394199099,3.34358588001,29.9343692351,6.04954263353,0.00136052007333,0.0,-0.290692068396,-0.288649071728,6.87279683352,-0.225463862035,0.0585149647538,0.0,425.9317073971079,426.3566058765763,427.8140750977386,426.0638055182346
4.859999999999984,-1.66143007589,3.32120611852,30.3498228661,6.03692891056,0.005314550883,0.0,-0.292635870764,-0.458470008373,6.9746228939,-0.190177174954,0.0776229175791,0.0,484.4003909615406,485.83822582111065,482.71266737898685,485.32783345993886
4.919999999999983,-1.67910026544,3.28933716483,30.7675834187,6.02578751285,0.0110716476153,0.0,-0.296829131924,-0.604736050295,6.95048846921,-0.177970051804,0.118598039435,0.0,445.79824270787225,449.14180418682486,447.0693368742258,448.029793354564
4.979999999999982,-1.69711894458,3.24871201845,31.1830980794,6.01526605594,0.0181098859945,0.0,-0.304376320907,-0.750276377261,6.8999019044,-0.170593431849,0.11458412248,0.0,439.6401763090674,439.31988702436996,439.0004713825715,439.5822581651274
5.0399999999999805,-1.71569672704,3.1993312179,31.5950348149,6.00466298008,0.024765832192,0.0,-0.315427620051,-0.896569428001,6.83130885426,-0.193205130686,0.102398998705,0.0,434.5651753229413,433.55344102075225,434.13842103903227,432.20484901536355
